Country Name,HDI,Gender Inequality Index,GDP per Capita,Population,Natural Increase Rate,Life Expectancy,Percentage in the Tertiary,Physiological Density,Latitude,Longitude
Afghanistan,0.511,0.655,509,42500000,2.3,64.8,10,1175,33.93911,67.709953
Albania,0.796,0.079,6460,2870000,0.3,78.5,55,208,41.153332,20.168331
Algeria,0.745,0.429,4074,45200000,1.6,77.1,35,188,28.033886,1.659626
Andorra,0.868,0.049,49488,79000,0.1,84.7,62,66,42.546245,1.601554
Angola,0.586,0.581,2547,36200000,3.3,61.2,8,180,-11.202692,17.873887
Argentina,0.849,0.353,10024,46000000,0.9,76.7,80,45,-38.416097,-63.616672
Armenia,0.759,0.255,6253,2800000,0.2,75.1,51,153,40.069099,45.038189
Australia,0.951,0.099,64263,26400000,1.3,84.5,91,3,-25.274398,133.775136
Austria,0.916,0.066,53790,8980000,0.2,82.3,78,109,47.516231,14.550072
Azerbaijan,0.756,0.322,5018,10300000,0.8,73.5,36,122,40.143105,47.576927
Bahamas,0.812,0.343,31338,400000,0.6,74.8,52,90,25.03428,-77.39628
Bahrain,0.852,0.192,27489,1800000,1.5,78.3,41,678,25.930414,50.637772
Bangladesh,0.661,0.538,2696,171000000,1.1,73.7,20,1385,23.684994,90.356331
Barbados,0.814,0.342,18901,280000,0,78.2,68,682,13.193887,-59.543198
Belarus,0.808,0.142,7175,9300000,-0.1,73.4,87,48,53.709807,27.953389
Belgium,0.921,0.048,56194,11600000,0.1,81.9,70,381,50.503887,4.469936
Belize,0.716,0.435,4971,420000,1.6,74.1,32,20,17.189877,-88.49765
Benin,0.545,0.611,1374,13600000,2.8,61.5,12,229,9.30769,2.315834
Bhutan,0.666,0.417,3621,800000,1.2,72.5,25,50,27.514162,90.433601
Bolivia,0.703,0.478,3511,12400000,1.8,71.3,39,98,-16.290154,-63.588653
Bosnia and Herzegovina,0.8,0.185,7239,3200000,0,77.5,59,68,43.915886,17.679076
Botswana,0.735,0.465,7035,2700000,1.5,69.6,22,6,-22.328474,24.684866
Brazil,0.754,0.408,9154,216000000,0.7,75.9,50,25,-14.235004,-51.92528
Brunei,0.83,0.205,31517,450000,1.3,77.2,33,91,4.535277,114.727669
Bulgaria,0.796,0.145,13128,6600000,-0.7,74.9,72,79,42.733883,25.48583
Burkina Faso,0.452,0.597,962,23400000,2.9,61,8,170,12.238333,-1.561593
Burundi,0.426,0.577,267,13700000,3.1,62.1,7,402,-3.373056,29.918886
Cambodia,0.594,0.478,1817,18000000,1.4,70.5,17,258,12.565679,104.990963
Cameroon,0.563,0.56,1632,29000000,2.7,59.8,12,143,7.369722,12.354722
Canada,0.936,0.082,59474,39000000,1.1,82.9,71,4,56.130366,-106.346771
Central African Republic,0.397,0.643,523,5600000,2,54.5,5,47,6.611111,20.939444
Chad,0.394,0.711,751,18300000,3.3,55.1,3,63,15.454166,18.732207
Chile,0.855,0.279,16872,19600000,0.6,80.1,89,63,-35.675147,-71.542969
China,0.768,0.168,12845,1410000000,0.3,78.2,56,1147,35.86166,104.195397
Colombia,0.752,0.421,7034,51900000,1.1,74.3,53,48,4.570868,-74.297333
Comoros,0.554,0.517,1582,860000,2.5,64.7,10,293,-11.875001,43.872219
Cuba,0.764,0.304,10145,11200000,0.1,78.8,65,102,21.521757,-77.781167
Democratic Republic of the Congo,0.479,0.663,610,102000000,3.4,60,7,225,-4.038333,21.758664
Republic of the Congo,0.606,0.557,2432,6100000,2.8,63.9,14,96,-0.228021,15.827659
Costa Rica,0.819,0.307,12967,5300000,1.1,80,67,256,9.748917,-83.753428
Croatia,0.858,0.061,18682,4000000,0,78.6,71,83,45.1,15.2
Czech Republic,0.9,0.082,23304,10500000,0.1,79.1,70,136,49.817492,15.472962
Denmark,0.94,0.044,61972,5800000,0.3,81.2,82,136,56.26392,9.501785
Djibouti,0.495,0.588,3107,1000000,2.7,66.7,10,198,11.825138,42.590275
Dominica,0.756,0.359,7540,70000,0.2,74.4,48,81,15.414999,-61.370976
Dominican Republic,0.735,0.424,8194,11200000,1.3,74,45,296,18.735693,-70.162651
Ecuador,0.764,0.38,6077,18000000,1.2,77.3,42,53,-1.831239,-78.183406
Egypt,0.731,0.488,3726,113000000,1.6,75.9,29,1522,26.820553,30.802498
El Salvador,0.673,0.521,4269,6600000,0.5,73.5,38,293,13.794185,-88.89653
Equatorial Guinea,0.588,0.493,8860,1400000,2.6,58.2,12,4,1.650801,10.267895
Eritrea,0.442,0.677,1235,6400000,2.5,65.4,5,270,15.179384,39.782334
Estonia,0.892,0.083,27406,1300000,-0.3,78.8,79,29,58.595272,25.013607
Ethiopia,0.498,0.649,1321,127000000,2.6,67.8,15,201,9.145,40.489673
Fiji,0.728,0.298,4954,900000,1,73.3,55,47,-16.578193,179.414413
Finland,0.938,0.038,59541,5600000,0.2,82.8,88,19,61.92411,25.748151
France,0.901,0.073,42459,67000000,0.4,82.5,69,118,46.227638,2.213749
Gabon,0.703,0.433,8425,2300000,2.2,66.7,25,15,-0.803689,11.609444
Gambia,0.466,0.653,814,2800000,3,62,12,146,13.443182,-15.310139
Georgia,0.789,0.159,4825,3700000,-0.2,73.6,54,87,42.315407,43.356892
Germany,0.947,0.084,58574,83000000,0.2,81.1,67,232,51.165691,10.451526
Ghana,0.632,0.576,2558,35000000,2.1,64.1,21,228,7.946527,-1.023194
Greece,0.888,0.063,20539,10300000,0.1,81.1,75,86,39.074208,21.824312
Grenada,0.779,0.244,10491,120000,0,74.5,42,340,12.262776,-61.604171
Guatemala,0.663,0.488,5180,18800000,1.6,73.2,28,234,15.783471,-90.230759
Guinea,0.466,0.666,1120,15000000,2.6,61.2,10,179,9.945587,-9.696645
Guinea-Bissau,0.459,0.62,764,2000000,2.9,60.7,7,114,11.803749,-15.180413
Guyana,0.673,0.424,4890,800000,0.5,70.2,38,3,4.860416,-58.93018
Haiti,0.51,0.63,1300,11700000,1.9,64.7,15,414,18.971187,-72.285215
Honduras,0.632,0.52,5185,10300000,1.4,74.9,30,199,15.199999,-86.241905
Hungary,0.854,0.086,16532,9600000,-0.3,76.1,75,106,47.162494,19.503304
Iceland,0.949,0.039,81589,380000,0.3,83,89,3,64.963051,-19.020835
India,0.647,0.512,2371,1410000000,0.9,70.8,27,464,20.593684,78.96288
Indonesia,0.718,0.485,4187,277000000,1.1,73.5,30,1518,-0.789275,113.921327
Iran,0.783,0.429,5643,86000000,1,76.4,42,490,32.427908,53.688046
Iraq,0.674,0.569,4933,45700000,2.3,70.5,21,241,33.223191,43.679291
Ireland,0.955,0.052,98312,5100000,1.2,82,70,70,53.41291,-8.24389
Israel,0.919,0.117,54783,10000000,1.5,83,62,402,31.046051,34.851612
Italy,0.892,0.069,36769,59000000,0.1,83.2,62,201,41.87194,12.56738
Jamaica,0.734,0.346,5112,2900000,0.1,74.3,37,269,18.109581,-77.297508
Japan,0.919,0.045,44528,124000000,-0.3,84.6,61,340,36.204824,138.252924
Jordan,0.729,0.369,4843,11000000,1.6,74,40,375,30.585164,36.238414
Kazakhstan,0.827,0.211,11303,19000000,0.7,73.2,39,6,48.019573,66.923684
Kenya,0.601,0.586,2183,56000000,2.3,66.8,24,175,-0.023559,37.906193
Kiribati,0.606,0.373,1720,130000,1.9,67.3,26,122,-3.370417,-168.734039
Kuwait,0.806,0.192,34700,4600000,1.6,75.4,46,62,29.31166,47.481766
Kyrgyzstan,0.711,0.358,1225,6600000,1.1,70,34,28,41.20438,74.766098
Laos,0.609,0.498,2854,7300000,1.8,66.3,19,220,19.85627,102.495496
Latvia,0.865,0.066,20196,1900000,-0.6,75.3,76,30,56.879635,24.603189
Lebanon,0.805,0.308,8000,6100000,0.6,77.6,45,667,33.854721,35.862285
Lesotho,0.518,0.645,1085,2100000,1.1,54.2,18,68,-29.609988,28.233608
Liberia,0.48,0.663,687,5200000,2.3,64.1,10,96,6.428055,-9.429499
Libya,0.724,0.461,10071,7700000,1.3,72.3,29,5,26.3351,17.228331
Liechtenstein,0.917,0.038,179240,40000,0.1,81.5,56,244,47.166,9.555373
Lithuania,0.862,0.06,20582,2700000,-0.5,74.6,75,43,55.169438,23.881275
Luxembourg,0.955,0.04,121300,660000,0.9,82.1,66,216,49.815273,6.129583
Madagascar,0.521,0.613,495,32000000,2.7,67.5,10,364,-18.766947,46.869107
Malawi,0.483,0.602,658,20000000,2.8,64.6,8,473,-13.254308,34.301525
Malaysia,0.816,0.359,11963,34000000,1.3,75.1,44,94,4.210484,101.975766
Maldives,0.743,0.384,11189,600000,1.5,78.9,40,1720,3.202778,73.22068
Mali,0.434,0.67,995,22000000,3,59.5,8,12,17.570692,-3.996166
Malta,0.878,0.031,28307,520000,0.3,82.1,70,1231,35.937496,14.375416
Marshall Islands,0.631,0.314,4166,60000,1,74.7,25,208,7.131474,171.184478
Mauritania,0.52,0.615,1306,4900000,2.6,64.7,10,17,21.00789,-10.940835
Mauritius,0.804,0.276,11260,1400000,0.6,75.6,68,631,-20.348404,57.552152
Mexico,0.779,0.37,10215,127000000,1,75.1,35,159,23.634501,-102.552784
Micronesia,0.628,0.403,3340,110000,1.4,70.1,23,154,7.425554,150.550812
Moldova,0.756,0.208,3539,2700000,-0.3,72.3,63,109,47.411631,28.369885
Monaco,0.972,0.035,190031,40000,0.3,89.4,88,3623,43.750298,7.412841
Mongolia,0.737,0.446,4243,3400000,1,70,31,2,46.862496,103.846656
Montenegro,0.829,0.132,8476,620000,0,76.9,61,80,42.708678,19.37439
Morocco,0.683,0.434,3454,39000000,1.2,76.2,29,150,31.791702,-7.09262
Mozambique,0.456,0.608,536,33000000,2.7,62.2,10,179,-18.665695,35.529562
Myanmar,0.583,0.511,1473,57000000,0.9,67.1,15,208,21.913965,95.956223
Namibia,0.646,0.597,4991,2600000,1.2,64.1,21,3,-22.95764,18.49041
Nauru,0.719,0.381,12304,11000,0.5,66.5,20,2931,-0.522778,166.931503
Nepal,0.584,0.512,1249,30000000,1,71.1,25,206,28.394857,84.124008
Netherlands,0.944,0.052,61533,17500000,0.3,81.9,76,411,52.132633,5.291266
New Zealand,0.917,0.097,44849,5100000,1,82.3,71,18,-40.900557,174.885971
Nicaragua,0.66,0.463,2172,7000000,1.1,74.4,34,66,12.865416,-85.207229
Niger,0.394,0.748,595,26000000,3.6,61.5,6,57,17.607789,8.081666
Nigeria,0.539,0.64,2229,224000000,2.6,60,10,275,9.081999,8.675277
North Korea,0.707,0.359,1769,25600000,0.8,72.9,30,216,40.339852,127.510093
North Macedonia,0.788,0.122,6739,2100000,0,75.3,66,84,41.608635,21.745275
Norway,0.961,0.045,98288,5700000,0.5,82.9,84,17,60.472024,8.468946
Oman,0.821,0.36,18879,5600000,1.9,77.2,40,28,21.512583,55.923255
Pakistan,0.56,0.555,1754,242000000,2,68.1,12,516,30.375321,69.345116
Palau,0.8,0.347,15656,18000,0.2,73.5,45,108,7.51498,134.58252
Palestine,0.708,0.421,3472,5300000,2.2,74.2,40,863,31.952162,35.233154
Panama,0.815,0.344,14654,4800000,1.3,78.2,51,88,8.537981,-80.782127
Papua New Guinea,0.555,0.552,2676,9600000,2.1,65.3,18,19,-6.314993,143.95555
Paraguay,0.728,0.398,5536,7500000,1.3,73.4,38,27,-23.442503,-58.443832
Peru,0.777,0.405,6824,34000000,0.8,77.2,46,68,-9.189967,-75.015152
Philippines,0.718,0.445,3914,115000000,1.5,71,32,783,12.879721,121.774017
Poland,0.88,0.06,17762,37000000,0,78.2,69,124,51.919438,19.145136
Portugal,0.864,0.055,23277,10200000,-0.1,81.1,68,110,39.399872,-8.224454
Qatar,0.848,0.257,69667,3200000,1.8,80.5,34,254,25.354826,51.183884
Romania,0.831,0.148,13115,19500000,-0.4,75.2,64,92,45.943161,24.96676
Russia,0.861,0.183,11068,143000000,-0.2,72.6,54,9,61.52401,105.318756
Rwanda,0.544,0.565,838,14000000,2.7,69,13,511,-1.940278,29.873888
Saint Kitts and Nevis,0.777,0.204,15060,60000,0.1,74.4,48,230,17.357822,-62.782998
Saint Lucia,0.748,0.284,10250,190000,0.3,76.8,56,306,13.909444,-60.978893
Saint Vincent and the Grenadines,0.723,0.323,7455,110000,0.2,72.6,43,227,12.984305,-61.287228
Samoa,0.721,0.37,4157,200000,0.8,73.6,40,81,-13.759029,-172.104629
San Marino,0.876,0.038,47130,34000,0,83.1,67,446,43.94236,12.457777
Sao Tome and Principe,0.605,0.514,2137,220000,1.7,69.1,25,276,0.18636,6.613081
Saudi Arabia,0.854,0.267,23939,36000000,1.6,75.1,47,16,23.885942,45.079162
Senegal,0.514,0.611,1569,18000000,2.6,66.3,16,74,14.497401,-14.452362
Serbia,0.806,0.126,8517,7000000,-0.2,75.4,62,99,44.016521,21.005859
Seychelles,0.801,0.331,15663,100000,0.6,73.8,62,217,-4.679574,55.491977
Sierra Leone,0.438,0.655,516,8100000,2.6,54.3,7,105,8.460555,-11.779889
Singapore,0.938,0.073,73756,5700000,1.3,83.6,88,8358,1.352083,103.819836
Slovakia,0.86,0.089,19572,5500000,0,77.2,67,111,48.669026,19.699024
Slovenia,0.917,0.051,25016,2100000,0,81.2,75,102,46.151241,14.995463
Solomon Islands,0.544,0.522,2040,700000,1.5,73.3,12,26,-9.64571,160.156194
Somalia,0.285,0.735,482,17000000,3.6,56,4,25,5.152149,46.199616
South Africa,0.705,0.536,6172,60000000,1.1,64.1,26,46,-30.559482,22.937506
South Korea,0.916,0.101,34343,52000000,0.2,83.3,63,527,35.907757,127.766922
South Sudan,0.433,0.748,1387,12000000,3.4,57.3,7,18,6.877,31.307
Spain,0.904,0.07,29981,47000000,0.1,83.4,66,93,40.463667,-3.74922
Sri Lanka,0.782,0.367,3855,23000000,0.3,77.4,44,353,7.873054,80.771797
Sudan,0.51,0.684,478,46000000,2.7,65.1,7,23,12.862807,30.217636
Suriname,0.715,0.388,5786,600000,0.4,72.2,42,3,3.919305,-56.027783
Sweden,0.945,0.041,59419,10300000,0.3,82.8,79,25,60.128161,18.643501
Switzerland,0.962,0.041,86186,8600000,0.6,83.6,70,206,46.818188,8.227512
Syria,0.536,0.583,2862,17000000,2.5,71,15,101,34.802075,38.996815
Taiwan,0.916,0.085,30282,23000000,0,80.9,74,673,23.69781,120.960515
Tajikistan,0.668,0.505,1037,9600000,2.1,70.2,23,72,38.861034,71.276093
Tanzania,0.529,0.567,1094,62000000,2.9,65,18,70,-6.369028,34.888822
Thailand,0.765,0.371,7036,70000000,0.2,77.5,50,134,15.870032,100.992541
Timor-Leste,0.626,0.547,1625,1300000,1.8,70,18,87,-8.874217,125.727539
Togo,0.513,0.615,706,9000000,2.6,60,12,138,8.619543,0.824782
Tonga,0.717,0.301,4575,110000,0.4,73.4,42,147,-21.178986,-175.198242
Trinidad and Tobago,0.784,0.308,15701,1400000,0.1,73.4,51,270,10.691803,-61.222503
Tunisia,0.739,0.419,11121,12000000,0.9,76.2,42,67,33.886917,9.537499
Turkey,0.838,0.363,9294,86000000,1.2,77.4,47,105,38.963745,35.243322
Turkmenistan,0.719,0.366,7113,6100000,1.3,68.6,40,19,38.969719,59.556278
Tuvalu,0.714,0.333,4131,11000,0.3,68,37,333,-7.109535,177.64933
Uganda,0.528,0.584,794,46000000,3.3,63.4,14,183,1.373333,32.290275
Ukraine,0.779,0.167,3683,42000000,-0.8,71.6,58,73,48.379433,31.16558
United Arab Emirates,0.89,0.238,43413,9600000,1.3,77,51,118,23.424076,53.847818
United Kingdom,0.932,0.067,42330,67000000,0.5,81.3,59,273,55.378051,-3.435973
United States,0.921,0.204,67806,331000000,0.6,78.9,67,36,37.09024,-95.712891
Uruguay,0.817,0.296,17400,3500000,0.1,77.6,61,20,-32.522779,-55.765835
Uzbekistan,0.72,0.361,1916,35000000,1.3,72.2,38,79,41.377491,64.585262
Vanuatu,0.635,0.432,3389,300000,1.4,72.7,27,23,-15.376706,166.959158
Vatican City,0.985,0.01,NA,800,0,82.8,NA,NA,41.902916,12.453389
Venezuela,0.711,0.431,4948,29000000,1.1,72.1,36,68,6.42375,-66.58973
Vietnam,0.704,0.375,3276,97000000,0.6,75.4,45,304,14.058324,108.277199
Yemen,0.463,0.672,932,30000000,2.3,66.1,14,44,15.552727,48.516388
Zambia,0.584,0.582,1415,18000000,2.7,63.5,17,89,-13.133897,27.849332
Zimbabwe,0.571,0.556,1460,15000000,1.4,61.2,17,39,-19.015438,29.154857

